66
55
44
33
22
11
253
230
207
184
161
138
115
92
69
46
23
1081
1034
987
940
893
846
799
752
705
658
611
564
517
470
423
376
329
282
235
188
141
94
47
4656
4559
4462
4365
4268
4171
4074
3977
3880
3783
3686
3589
3492
3395
3298
3201
3104
3007
2910
2813
2716
2619
2522
2425
2328
2231
2134
2037
1940
1843
1746
1649
1552
1455
1358
1261
1164
1067
970
873
776
679
582
485
388
291
194
97
19701
19502
19303
19104
18905
18706
18507
18308
18109
17910
17711
17512
17313
17114
16915
16716
16517
16318
16119
15920
15721
15522
15323
15124
14925
14726
14527
14328
14129
13930
13731
13532
13333
13134
12935
12736
12537
12338
12139
11940
11741
11542
11343
11144
10945
10746
10547
10348
10149
9950
9751
9552
9353
9154
8955
8756
8557
8358
8159
7960
7761
7562
7363
7164
6965
6766
6567
6368
6169
5970
5771
5572
5373
5174
4975
4776
4577
4378
4179
3980
3781
3582
3383
3184
2985
2786
2587
2388
2189
1990
1791
1592
1393
1194
995
796
597
398
199
83436
83027
82618
82209
81800
81391
80982
80573
80164
79755
79346
78937
78528
78119
77710
77301
76892
76483
76074
75665
75256
74847
74438
74029
73620
73211
72802
72393
71984
71575
71166
70757
70348
69939
69530
69121
68712
68303
67894
67485
67076
66667
66258
65849
65440
65031
64622
64213
63804
63395
62986
62577
62168
61759
61350
60941
60532
60123
59714
59305
58896
58487
58078
57669
57260
56851
56442
56033
55624
55215
54806
54397
53988
53579
53170
52761
52352
51943
51534
51125
50716
50307
49898
49489
49080
48671
48262
47853
47444
47035
46626
46217
45808
45399
44990
44581
44172
43763
43354
42945
42536
42127
41718
41309
40900
40491
40082
39673
39264
38855
38446
38037
37628
37219
36810
36401
35992
35583
35174
34765
34356
33947
33538
33129
32720
32311
31902
31493
31084
30675
30266
29857
29448
29039
28630
28221
27812
27403
26994
26585
26176
25767
25358
24949
24540
24131
23722
23313
22904
22495
22086
21677
21268
20859
20450
20041
19632
19223
18814
18405
17996
17587
17178
16769
16360
15951
15542
15133
14724
14315
13906
13497
13088
12679
12270
11861
11452
11043
10634
10225
9816
9407
8998
8589
8180
7771
7362
6953
6544
6135
5726
5317
4908
4499
4090
3681
3272
2863
2454
2045
1636
1227
818
409
338253
337430
336607
335784
334961
334138
333315
332492
331669
330846
330023
329200
328377
327554
326731
325908
325085
324262
323439
322616
321793
320970
320147
319324
318501
317678
316855
316032
315209
314386
313563
312740
311917
311094
310271
309448
308625
307802
306979
306156
305333
304510
303687
302864
302041
301218
300395
299572
298749
297926
297103
296280
295457
294634
293811
292988
292165
291342
290519
289696
288873
288050
287227
286404
285581
284758
283935
283112
282289
281466
280643
279820
278997
278174
277351
276528
275705
274882
274059
273236
272413
271590
270767
269944
269121
268298
267475
266652
265829
265006
264183
263360
262537
261714
260891
260068
259245
258422
257599
256776
255953
255130
254307
253484
252661
251838
251015
250192
249369
248546
247723
246900
246077
245254
244431
243608
242785
241962
241139
240316
239493
238670
237847
237024
236201
235378
234555
233732
232909
232086
231263
230440
229617
228794
227971
227148
226325
225502
224679
223856
223033
222210
221387
220564
219741
218918
218095
217272
216449
215626
214803
213980
213157
212334
211511
210688
209865
209042
208219
207396
206573
205750
204927
204104
203281
202458
201635
200812
199989
199166
198343
197520
196697
195874
195051
194228
193405
192582
191759
190936
190113
189290
188467
187644
186821
185998
185175
184352
183529
182706
181883
181060
180237
179414
178591
177768
176945
176122
175299
174476
173653
172830
172007
171184
170361
169538
168715
167892
167069
166246
165423
164600
163777
162954
162131
161308
160485
159662
158839
158016
157193
156370
155547
154724
153901
153078
152255
151432
150609
149786
148963
148140
147317
146494
145671
144848
144025
143202
142379
141556
140733
139910
139087
138264
137441
136618
135795
134972
134149
133326
132503
131680
130857
130034
129211
128388
127565
126742
125919
125096
124273
123450
122627
121804
120981
120158
119335
118512
117689
116866
116043
115220
114397
113574
112751
111928
111105
110282
109459
108636
107813
106990
106167
105344
104521
103698
102875
102052
101229
100406
99583
98760
97937
97114
96291
95468
94645
93822
92999
92176
91353
90530
89707
88884
88061
87238
86415
85592
84769
83946
83123
82300
81477
80654
79831
79008
78185
77362
76539
75716
74893
74070
73247
72424
71601
70778
69955
69132
68309
67486
66663
65840
65017
64194
63371
62548
61725
60902
60079
59256
58433
57610
56787
55964
55141
54318
53495
52672
51849
51026
50203
49380
48557
47734
46911
46088
45265
44442
43619
42796
41973
41150
40327
39504
38681
37858
37035
36212
35389
34566
33743
32920
32097
31274
30451
29628
28805
27982
27159
26336
25513
24690
23867
23044
22221
21398
20575
19752
18929
18106
17283
16460
15637
14814
13991
13168
12345
11522
10699
9876
9053
8230
7407
6584
5761
4938
4115
3292
2469
1646
823
1514670
1512929
1511188
1509447
1507706
1505965
1504224
1502483
1500742
1499001
1497260
1495519
1493778
1492037
1490296
1488555
1486814
1485073
1483332
1481591
1479850
1478109
1476368
1474627
1472886
1471145
1469404
1467663
1465922
1464181
1462440
1460699
1458958
1457217
1455476
1453735
1451994
1450253
1448512
1446771
1445030
1443289
1441548
1439807
1438066
1436325
1434584
1432843
1431102
1429361
1427620
1425879
1424138
1422397
1420656
1418915
1417174
1415433
1413692
1411951
1410210
1408469
1406728
1404987
1403246
1401505
1399764
1398023
1396282
1394541
1392800
1391059
1389318
1387577
1385836
1384095
1382354
1380613
1378872
1377131
1375390
1373649
1371908
1370167
1368426
1366685
1364944
1363203
1361462
1359721
1357980
1356239
1354498
1352757
1351016
1349275
1347534
1345793
1344052
1342311
1340570
1338829
1337088
1335347
1333606
1331865
1330124
1328383
1326642
1324901
1323160
1321419
1319678
1317937
1316196
1314455
1312714
1310973
1309232
1307491
1305750
1304009
1302268
1300527
1298786
1297045
1295304
1293563
1291822
1290081
1288340
1286599
1284858
1283117
1281376
1279635
1277894
1276153
1274412
1272671
1270930
1269189
1267448
1265707
1263966
1262225
1260484
1258743
1257002
1255261
1253520
1251779
1250038
1248297
1246556
1244815
1243074
1241333
1239592
1237851
1236110
1234369
1232628
1230887
1229146
1227405
1225664
1223923
1222182
1220441
1218700
1216959
1215218
1213477
1211736
1209995
1208254
1206513
1204772
1203031
1201290
1199549
1197808
1196067
1194326
1192585
1190844
1189103
1187362
1185621
1183880
1182139
1180398
1178657
1176916
1175175
1173434
1171693
1169952
1168211
1166470
1164729
1162988
1161247
1159506
1157765
1156024
1154283
1152542
1150801
1149060
1147319
1145578
1143837
1142096
1140355
1138614
1136873
1135132
1133391
1131650
1129909
1128168
1126427
1124686
1122945
1121204
1119463
1117722
1115981
1114240
1112499
1110758
1109017
1107276
1105535
1103794
1102053
1100312
1098571
1096830
1095089
1093348
1091607
1089866
1088125
1086384
1084643
1082902
1081161
1079420
1077679
1075938
1074197
1072456
1070715
1068974
1067233
1065492
1063751
1062010
1060269
1058528
1056787
1055046
1053305
1051564
1049823
1048082
1046341
1044600
1042859
1041118
1039377
1037636
1035895
1034154
1032413
1030672
1028931
1027190
1025449
1023708
1021967
1020226
1018485
1016744
1015003
1013262
1011521
1009780
1008039
1006298
1004557
1002816
1001075
999334
997593
995852
994111
992370
990629
988888
987147
985406
983665
981924
980183
978442
976701
974960
973219
971478
969737
967996
966255
964514
962773
961032
959291
957550
955809
954068
952327
950586
948845
947104
945363
943622
941881
940140
938399
936658
934917
933176
931435
929694
927953
926212
924471
922730
920989
919248
917507
915766
914025
912284
910543
908802
907061
905320
903579
901838
900097
898356
896615
894874
893133
891392
889651
887910
886169
884428
882687
880946
879205
877464
875723
873982
872241
870500
868759
867018
865277
863536
861795
860054
858313
856572
854831
853090
851349
849608
847867
846126
844385
842644
840903
839162
837421
835680
833939
832198
830457
828716
826975
825234
823493
821752
820011
818270
816529
814788
813047
811306
809565
807824
806083
804342
802601
800860
799119
797378
795637
793896
792155
790414
788673
786932
785191
783450
781709
779968
778227
776486
774745
773004
771263
769522
767781
766040
764299
762558
760817
759076
757335
755594
753853
752112
750371
748630
746889
745148
743407
741666
739925
738184
736443
734702
732961
731220
729479
727738
725997
724256
722515
720774
719033
717292
715551
713810
712069
710328
708587
706846
705105
703364
701623
699882
698141
696400
694659
692918
691177
689436
687695
685954
684213
682472
680731
678990
677249
675508
673767
672026
670285
668544
666803
665062
663321
661580
659839
658098
656357
654616
652875
651134
649393
647652
645911
644170
642429
640688
638947
637206
635465
633724
631983
630242
628501
626760
625019
623278
621537
619796
618055
616314
614573
612832
611091
609350
607609
605868
604127
602386
600645
598904
597163
595422
593681
591940
590199
588458
586717
584976
583235
581494
579753
578012
576271
574530
572789
571048
569307
567566
565825
564084
562343
560602
558861
557120
555379
553638
551897
550156
548415
546674
544933
543192
541451
539710
537969
536228
534487
532746
531005
529264
527523
525782
524041
522300
520559
518818
517077
515336
513595
511854
510113
508372
506631
504890
503149
501408
499667
497926
496185
494444
492703
490962
489221
487480
485739
483998
482257
480516
478775
477034
475293
473552
471811
470070
468329
466588
464847
463106
461365
459624
457883
456142
454401
452660
450919
449178
447437
445696
443955
442214
440473
438732
436991
435250
433509
431768
430027
428286
426545
424804
423063
421322
419581
417840
416099
414358
412617
410876
409135
407394
405653
403912
402171
400430
398689
396948
395207
393466
391725
389984
388243
386502
384761
383020
381279
379538
377797
376056
374315
372574
370833
369092
367351
365610
363869
362128
360387
358646
356905
355164
353423
351682
349941
348200
346459
344718
342977
341236
339495
337754
336013
334272
332531
330790
329049
327308
325567
323826
322085
320344
318603
316862
315121
313380
311639
309898
308157
306416
304675
302934
301193
299452
297711
295970
294229
292488
290747
289006
287265
285524
283783
282042
280301
278560
276819
275078
273337
271596
269855
268114
266373
264632
262891
261150
259409
257668
255927
254186
252445
250704
248963
247222
245481
243740
241999
240258
238517
236776
235035
233294
231553
229812
228071
226330
224589
222848
221107
219366
217625
215884
214143
212402
210661
208920
207179
205438
203697
201956
200215
198474
196733
194992
193251
191510
189769
188028
186287
184546
182805
181064
179323
177582
175841
174100
172359
170618
168877
167136
165395
163654
161913
160172
158431
156690
154949
153208
151467
149726
147985
146244
144503
142762
141021
139280
137539
135798
134057
132316
130575
128834
127093
125352
123611
121870
120129
118388
116647
114906
113165
111424
109683
107942
106201
104460
102719
100978
99237
97496
95755
94014
92273
90532
88791
87050
85309
83568
81827
80086
78345
76604
74863
73122
71381
69640
67899
66158
64417
62676
60935
59194
57453
55712
53971
52230
50489
48748
47007
45266
43525
41784
40043
38302
36561
34820
33079
31338
29597
27856
26115
24374
22633
20892
19151
17410
15669
13928
12187
10446
8705
6964
5223
3482
1741
6988191
6984452
6980713
6976974
6973235
6969496
6965757
6962018
6958279
6954540
6950801
6947062
6943323
6939584
6935845
6932106
6928367
6924628
6920889
6917150
6913411
6909672
6905933
6902194
6898455
6894716
6890977
6887238
6883499
6879760
6876021
6872282
6868543
6864804
6861065
6857326
6853587
6849848
6846109
6842370
6838631
6834892
6831153
6827414
6823675
6819936
6816197
6812458
6808719
6804980
6801241
6797502
6793763
6790024
6786285
6782546
6778807
6775068
6771329
6767590
6763851
6760112
6756373
6752634
6748895
6745156
6741417
6737678
6733939
6730200
6726461
6722722
6718983
6715244
6711505
6707766
6704027
6700288
6696549
6692810
6689071
6685332
6681593
6677854
6674115
6670376
6666637
6662898
6659159
6655420
6651681
6647942
6644203
6640464
6636725
6632986
6629247
6625508
6621769
6618030
6614291
6610552
6606813
6603074
6599335
6595596
6591857
6588118
6584379
6580640
6576901
6573162
6569423
6565684
6561945
6558206
6554467
6550728
6546989
6543250
6539511
6535772
6532033
6528294
6524555
6520816
6517077
6513338
6509599
6505860
6502121
6498382
6494643
6490904
6487165
6483426
6479687
6475948
6472209
6468470
6464731
6460992
6457253
6453514
6449775
6446036
6442297
6438558
6434819
6431080
6427341
6423602
6419863
6416124
6412385
6408646
6404907
6401168
6397429
6393690
6389951
6386212
6382473
6378734
6374995
6371256
6367517
6363778
6360039
6356300
6352561
6348822
6345083
6341344
6337605
6333866
6330127
6326388
6322649
6318910
6315171
6311432
6307693
6303954
6300215
6296476
6292737
6288998
6285259
6281520
6277781
6274042
6270303
6266564
6262825
6259086
6255347
6251608
6247869
6244130
6240391
6236652
6232913
6229174
6225435
6221696
6217957
6214218
6210479
6206740
6203001
6199262
6195523
6191784
6188045
6184306
6180567
6176828
6173089
6169350
6165611
6161872
6158133
6154394
6150655
6146916
6143177
6139438
6135699
6131960
6128221
6124482
6120743
6117004
6113265
6109526
6105787
6102048
6098309
6094570
6090831
6087092
6083353
6079614
6075875
6072136
6068397
6064658
6060919
6057180
6053441
6049702
6045963
6042224
6038485
6034746
6031007
6027268
6023529
6019790
6016051
6012312
6008573
6004834
6001095
5997356
5993617
5989878
5986139
5982400
5978661
5974922
5971183
5967444
5963705
5959966
5956227
5952488
5948749
5945010
5941271
5937532
5933793
5930054
5926315
5922576
5918837
5915098
5911359
5907620
5903881
5900142
5896403
5892664
5888925
5885186
5881447
5877708
5873969
5870230
5866491
5862752
5859013
5855274
5851535
5847796
5844057
5840318
5836579
5832840
5829101
5825362
5821623
5817884
5814145
5810406
5806667
5802928
5799189
5795450
5791711
5787972
5784233
5780494
5776755
5773016
5769277
5765538
5761799
5758060
5754321
5750582
5746843
5743104
5739365
5735626
5731887
5728148
5724409
5720670
5716931
5713192
5709453
5705714
5701975
5698236
5694497
5690758
5687019
5683280
5679541
5675802
5672063
5668324
5664585
5660846
5657107
5653368
5649629
5645890
5642151
5638412
5634673
5630934
5627195
5623456
5619717
5615978
5612239
5608500
5604761
5601022
5597283
5593544
5589805
5586066
5582327
5578588
5574849
5571110
5567371
5563632
5559893
5556154
5552415
5548676
5544937
5541198
5537459
5533720
5529981
5526242
5522503
5518764
5515025
5511286
5507547
5503808
5500069
5496330
5492591
5488852
5485113
5481374
5477635
5473896
5470157
5466418
5462679
5458940
5455201
5451462
5447723
5443984
5440245
5436506
5432767
5429028
5425289
5421550
5417811
5414072
5410333
5406594
5402855
5399116
5395377
5391638
5387899
5384160
5380421
5376682
5372943
5369204
5365465
5361726
5357987
5354248
5350509
5346770
5343031
5339292
5335553
5331814
5328075
5324336
5320597
5316858
5313119
5309380
5305641
5301902
5298163
5294424
5290685
5286946
5283207
5279468
5275729
5271990
5268251
5264512
5260773
5257034
5253295
5249556
5245817
5242078
5238339
5234600
5230861
5227122
5223383
5219644
5215905
5212166
5208427
5204688
5200949
5197210
5193471
5189732
5185993
5182254
5178515
5174776
5171037
5167298
5163559
5159820
5156081
5152342
5148603
5144864
5141125
5137386
5133647
5129908
5126169
5122430
5118691
5114952
5111213
5107474
5103735
5099996
5096257
5092518
5088779
5085040
5081301
5077562
5073823
5070084
5066345
5062606
5058867
5055128
5051389
5047650
5043911
5040172
5036433
5032694
5028955
5025216
5021477
5017738
5013999
5010260
5006521
5002782
4999043
4995304
4991565
4987826
4984087
4980348
4976609
4972870
4969131
4965392
4961653
4957914
4954175
4950436
4946697
4942958
4939219
4935480
4931741
4928002
4924263
4920524
4916785
4913046
4909307
4905568
4901829
4898090
4894351
4890612
4886873
4883134
4879395
4875656
4871917
4868178
4864439
4860700
4856961
4853222
4849483
4845744
4842005
4838266
4834527
4830788
4827049
4823310
4819571
4815832
4812093
4808354
4804615
4800876
4797137
4793398
4789659
4785920
4782181
4778442
4774703
4770964
4767225
4763486
4759747
4756008
4752269
4748530
4744791
4741052
4737313
4733574
4729835
4726096
4722357
4718618
4714879
4711140
4707401
4703662
4699923
4696184
4692445
4688706
4684967
4681228
4677489
4673750
4670011
4666272
4662533
4658794
4655055
4651316
4647577
4643838
4640099
4636360
4632621
4628882
4625143
4621404
4617665
4613926
4610187
4606448
4602709
4598970
4595231
4591492
4587753
4584014
4580275
4576536
4572797
4569058
4565319
4561580
4557841
4554102
4550363
4546624
4542885
4539146
4535407
4531668
4527929
4524190
4520451
4516712
4512973
4509234
4505495
4501756
4498017
4494278
4490539
4486800
4483061
4479322
4475583
4471844
4468105
4464366
4460627
4456888
4453149
4449410
4445671
4441932
4438193
4434454
4430715
4426976
4423237
4419498
4415759
4412020
4408281
4404542
4400803
4397064
4393325
4389586
4385847
4382108
4378369
4374630
4370891
4367152
4363413
4359674
4355935
4352196
4348457
4344718
4340979
4337240
4333501
4329762
4326023
4322284
4318545
4314806
4311067
4307328
4303589
4299850
4296111
4292372
4288633
4284894
4281155
4277416
4273677
4269938
4266199
4262460
4258721
4254982
4251243
4247504
4243765
4240026
4236287
4232548
4228809
4225070
4221331
4217592
4213853
4210114
4206375
4202636
4198897
4195158
4191419
4187680
4183941
4180202
4176463
4172724
4168985
4165246
4161507
4157768
4154029
4150290
4146551
4142812
4139073
4135334
4131595
4127856
4124117
4120378
4116639
4112900
4109161
4105422
4101683
4097944
4094205
4090466
4086727
4082988
4079249
4075510
4071771
4068032
4064293
4060554
4056815
4053076
4049337
4045598
4041859
4038120
4034381
4030642
4026903
4023164
4019425
4015686
4011947
4008208
4004469
4000730
3996991
3993252
3989513
3985774
3982035
3978296
3974557
3970818
3967079
3963340
3959601
3955862
3952123
3948384
3944645
3940906
3937167
3933428
3929689
3925950
3922211
3918472
3914733
3910994
3907255
3903516
3899777
3896038
3892299
3888560
3884821
3881082
3877343
3873604
3869865
3866126
3862387
3858648
3854909
3851170
3847431
3843692
3839953
3836214
3832475
3828736
3824997
3821258
3817519
3813780
3810041
3806302
3802563
3798824
3795085
3791346
3787607
3783868
3780129
3776390
3772651
3768912
3765173
3761434
3757695
3753956
3750217
3746478
3742739
3739000
3735261
3731522
3727783
3724044
3720305
3716566
3712827
3709088
3705349
3701610
3697871
3694132
3690393
3686654
3682915
3679176
3675437
3671698
3667959
3664220
3660481
3656742
3653003
3649264
3645525
3641786
3638047
3634308
3630569
3626830
3623091
3619352
3615613
3611874
3608135
3604396
3600657
3596918
3593179
3589440
3585701
3581962
3578223
3574484
3570745
3567006
3563267
3559528
3555789
3552050
3548311
3544572
3540833
3537094
3533355
3529616
3525877
3522138
3518399
3514660
3510921
3507182
3503443
3499704
3495965
3492226
3488487
3484748
3481009
3477270
3473531
3469792
3466053
3462314
3458575
3454836
3451097
3447358
3443619
3439880
3436141
3432402
3428663
3424924
3421185
3417446
3413707
3409968
3406229
3402490
3398751
3395012
3391273
3387534
3383795
3380056
3376317
3372578
3368839
3365100
3361361
3357622
3353883
3350144
3346405
3342666
3338927
3335188
3331449
3327710
3323971
3320232
3316493
3312754
3309015
3305276
3301537
3297798
3294059
3290320
3286581
3282842
3279103
3275364
3271625
3267886
3264147
3260408
3256669
3252930
3249191
3245452
3241713
3237974
3234235
3230496
3226757
3223018
3219279
3215540
3211801
3208062
3204323
3200584
3196845
3193106
3189367
3185628
3181889
3178150
3174411
3170672
3166933
3163194
3159455
3155716
3151977
3148238
3144499
3140760
3137021
3133282
3129543
3125804
3122065
3118326
3114587
3110848
3107109
3103370
3099631
3095892
3092153
3088414
3084675
3080936
3077197
3073458
3069719
3065980
3062241
3058502
3054763
3051024
3047285
3043546
3039807
3036068
3032329
3028590
3024851
3021112
3017373
3013634
3009895
3006156
3002417
2998678
2994939
2991200
2987461
2983722
2979983
2976244
2972505
2968766
2965027
2961288
2957549
2953810
2950071
2946332
2942593
2938854
2935115
2931376
2927637
2923898
2920159
2916420
2912681
2908942
2905203
2901464
2897725
2893986
2890247
2886508
2882769
2879030
2875291
2871552
2867813
2864074
2860335
2856596
2852857
2849118
2845379
2841640
2837901
2834162
2830423
2826684
2822945
2819206
2815467
2811728
2807989
2804250
2800511
2796772
2793033
2789294
2785555
2781816
2778077
2774338
2770599
2766860
2763121
2759382
2755643
2751904
2748165
2744426
2740687
2736948
2733209
2729470
2725731
2721992
2718253
2714514
2710775
2707036
2703297
2699558
2695819
2692080
2688341
2684602
2680863
2677124
2673385
2669646
2665907
2662168
2658429
2654690
2650951
2647212
2643473
2639734
2635995
2632256
2628517
2624778
2621039
2617300
2613561
2609822
2606083
2602344
2598605
2594866
2591127
2587388
2583649
2579910
2576171
2572432
2568693
2564954
2561215
2557476
2553737
2549998
2546259
2542520
2538781
2535042
2531303
2527564
2523825
2520086
2516347
2512608
2508869
2505130
2501391
2497652
2493913
2490174
2486435
2482696
2478957
2475218
2471479
2467740
2464001
2460262
2456523
2452784
2449045
2445306
2441567
2437828
2434089
2430350
2426611
2422872
2419133
2415394
2411655
2407916
2404177
2400438
2396699
2392960
2389221
2385482
2381743
2378004
2374265
2370526
2366787
2363048
2359309
2355570
2351831
2348092
2344353
2340614
2336875
2333136
2329397
2325658
2321919
2318180
2314441
2310702
2306963
2303224
2299485
2295746
2292007
2288268
2284529
2280790
2277051
2273312
2269573
2265834
2262095
2258356
2254617
2250878
2247139
2243400
2239661
2235922
2232183
2228444
2224705
2220966
2217227
2213488
2209749
2206010
2202271
2198532
2194793
2191054
2187315
2183576
2179837
2176098
2172359
2168620
2164881
2161142
2157403
2153664
2149925
2146186
2142447
2138708
2134969
2131230
2127491
2123752
2120013
2116274
2112535
2108796
2105057
2101318
2097579
2093840
2090101
2086362
2082623
2078884
2075145
2071406
2067667
2063928
2060189
2056450
2052711
2048972
2045233
2041494
2037755
2034016
2030277
2026538
2022799
2019060
2015321
2011582
2007843
2004104
2000365
1996626
1992887
1989148
1985409
1981670
1977931
1974192
1970453
1966714
1962975
1959236
1955497
1951758
1948019
1944280
1940541
1936802
1933063
1929324
1925585
1921846
1918107
1914368
1910629
1906890
1903151
1899412
1895673
1891934
1888195
1884456
1880717
1876978
1873239
1869500
1865761
1862022
1858283
1854544
1850805
1847066
1843327
1839588
1835849
1832110
1828371
1824632
1820893
1817154
1813415
1809676
1805937
1802198
1798459
1794720
1790981
1787242
1783503
1779764
1776025
1772286
1768547
1764808
1761069
1757330
1753591
1749852
1746113
1742374
1738635
1734896
1731157
1727418
1723679
1719940
1716201
1712462
1708723
1704984
1701245
1697506
1693767
1690028
1686289
1682550
1678811
1675072
1671333
1667594
1663855
1660116
1656377
1652638
1648899
1645160
1641421
1637682
1633943
1630204
1626465
1622726
1618987
1615248
1611509
1607770
1604031
1600292
1596553
1592814
1589075
1585336
1581597
1577858
1574119
1570380
1566641
1562902
1559163
1555424
1551685
1547946
1544207
1540468
1536729
1532990
1529251
1525512
1521773
1518034
1514295
1510556
1506817
1503078
1499339
1495600
1491861
1488122
1484383
1480644
1476905
1473166
1469427
1465688
1461949
1458210
1454471
1450732
1446993
1443254
1439515
1435776
1432037
1428298
1424559
1420820
1417081
1413342
1409603
1405864
1402125
1398386
1394647
1390908
1387169
1383430
1379691
1375952
1372213
1368474
1364735
1360996
1357257
1353518
1349779
1346040
1342301
1338562
1334823
1331084
1327345
1323606
1319867
1316128
1312389
1308650
1304911
1301172
1297433
1293694
1289955
1286216
1282477
1278738
1274999
1271260
1267521
1263782
1260043
1256304
1252565
1248826
1245087
1241348
1237609
1233870
1230131
1226392
1222653
1218914
1215175
1211436
1207697
1203958
1200219
1196480
1192741
1189002
1185263
1181524
1177785
1174046
1170307
1166568
1162829
1159090
1155351
1151612
1147873
1144134
1140395
1136656
1132917
1129178
1125439
1121700
1117961
1114222
1110483
1106744
1103005
1099266
1095527
1091788
1088049
1084310
1080571
1076832
1073093
1069354
1065615
1061876
1058137
1054398
1050659
1046920
1043181
1039442
1035703
1031964
1028225
1024486
1020747
1017008
1013269
1009530
1005791
1002052
998313
994574
990835
987096
983357
979618
975879
972140
968401
964662
960923
957184
953445
949706
945967
942228
938489
934750
931011
927272
923533
919794
916055
912316
908577
904838
901099
897360
893621
889882
886143
882404
878665
874926
871187
867448
863709
859970
856231
852492
848753
845014
841275
837536
833797
830058
826319
822580
818841
815102
811363
807624
803885
800146
796407
792668
788929
785190
781451
777712
773973
770234
766495
762756
759017
755278
751539
747800
744061
740322
736583
732844
729105
725366
721627
717888
714149
710410
706671
702932
699193
695454
691715
687976
684237
680498
676759
673020
669281
665542
661803
658064
654325
650586
646847
643108
639369
635630
631891
628152
624413
620674
616935
613196
609457
605718
601979
598240
594501
590762
587023
583284
579545
575806
572067
568328
564589
560850
557111
553372
549633
545894
542155
538416
534677
530938
527199
523460
519721
515982
512243
508504
504765
501026
497287
493548
489809
486070
482331
478592
474853
471114
467375
463636
459897
456158
452419
448680
444941
441202
437463
433724
429985
426246
422507
418768
415029
411290
407551
403812
400073
396334
392595
388856
385117
381378
377639
373900
370161
366422
362683
358944
355205
351466
347727
343988
340249
336510
332771
329032
325293
321554
317815
314076
310337
306598
302859
299120
295381
291642
287903
284164
280425
276686
272947
269208
265469
261730
257991
254252
250513
246774
243035
239296
235557
231818
228079
224340
220601
216862
213123
209384
205645
201906
198167
194428
190689
186950
183211
179472
175733
171994
168255
164516
160777
157038
153299
149560
145821
142082
138343
134604
130865
127126
123387
119648
115909
112170
108431
104692
100953
97214
93475
89736
85997
82258
78519
74780
71041
67302
63563
59824
56085
52346
48607
44868
41129
37390
33651
29912
26173
22434
18695
14956
11217
7478
3739
28248886
28241369
28233852
28226335
28218818
28211301
28203784
28196267
28188750
28181233
28173716
28166199
28158682
28151165
28143648
28136131
28128614
28121097
28113580
28106063
28098546
28091029
28083512
28075995
28068478
28060961
28053444
28045927
28038410
28030893
28023376
28015859
28008342
28000825
27993308
27985791
27978274
27970757
27963240
27955723
27948206
27940689
27933172
27925655
27918138
27910621
27903104
27895587
27888070
27880553
27873036
27865519
27858002
27850485
27842968
27835451
27827934
27820417
27812900
27805383
27797866
27790349
27782832
27775315
27767798
27760281
27752764
27745247
27737730
27730213
27722696
27715179
27707662
27700145
27692628
27685111
27677594
27670077
27662560
27655043
27647526
27640009
27632492
27624975
27617458
27609941
27602424
27594907
27587390
27579873
27572356
27564839
27557322
27549805
27542288
27534771
27527254
27519737
27512220
27504703
27497186
27489669
27482152
27474635
27467118
27459601
27452084
27444567
27437050
27429533
27422016
27414499
27406982
27399465
27391948
27384431
27376914
27369397
27361880
27354363
27346846
27339329
27331812
27324295
27316778
27309261
27301744
27294227
27286710
27279193
27271676
27264159
27256642
27249125
27241608
27234091
27226574
27219057
27211540
27204023
27196506
27188989
27181472
27173955
27166438
27158921
27151404
27143887
27136370
27128853
27121336
27113819
27106302
27098785
27091268
27083751
27076234
27068717
27061200
27053683
27046166
27038649
27031132
27023615
27016098
27008581
27001064
26993547
26986030
26978513
26970996
26963479
26955962
26948445
26940928
26933411
26925894
26918377
26910860
26903343
26895826
26888309
26880792
26873275
26865758
26858241
26850724
26843207
26835690
26828173
26820656
26813139
26805622
26798105
26790588
26783071
26775554
26768037
26760520
26753003
26745486
26737969
26730452
26722935
26715418
26707901
26700384
26692867
26685350
26677833
26670316
26662799
26655282
26647765
26640248
26632731
26625214
26617697
26610180
26602663
26595146
26587629
26580112
26572595
26565078
26557561
26550044
26542527
26535010
26527493
26519976
26512459
26504942
26497425
26489908
26482391
26474874
26467357
26459840
26452323
26444806
26437289
26429772
26422255
26414738
26407221
26399704
26392187
26384670
26377153
26369636
26362119
26354602
26347085
26339568
26332051
26324534
26317017
26309500
26301983
26294466
26286949
26279432
26271915
26264398
26256881
26249364
26241847
26234330
26226813
26219296
26211779
26204262
26196745
26189228
26181711
26174194
26166677
26159160
26151643
26144126
26136609
26129092
26121575
26114058
26106541
26099024
26091507
26083990
26076473
26068956
26061439
26053922
26046405
26038888
26031371
26023854
26016337
26008820
26001303
25993786
25986269
25978752
25971235
25963718
25956201
25948684
25941167
25933650
25926133
25918616
25911099
25903582
25896065
25888548
25881031
25873514
25865997
25858480
25850963
25843446
25835929
25828412
25820895
25813378
25805861
25798344
25790827
25783310
25775793
25768276
25760759
25753242
25745725
25738208
25730691
25723174
25715657
25708140
25700623
25693106
25685589
25678072
25670555
25663038
25655521
25648004
25640487
25632970
25625453
25617936
25610419
25602902
25595385
25587868
25580351
25572834
25565317
25557800
25550283
25542766
25535249
25527732
25520215
25512698
25505181
25497664
25490147
25482630
25475113
25467596
25460079
25452562
25445045
25437528
25430011
25422494
25414977
25407460
25399943
25392426
25384909
25377392
25369875
25362358
25354841
25347324
25339807
25332290
25324773
25317256
25309739
25302222
25294705
25287188
25279671
25272154
25264637
25257120
25249603
25242086
25234569
25227052
25219535
25212018
25204501
25196984
25189467
25181950
25174433
25166916
25159399
25151882
25144365
25136848
25129331
25121814
25114297
25106780
25099263
25091746
25084229
25076712
25069195
25061678
25054161
25046644
25039127
25031610
25024093
25016576
25009059
25001542
24994025
24986508
24978991
24971474
24963957
24956440
24948923
24941406
24933889
24926372
24918855
24911338
24903821
24896304
24888787
24881270
24873753
24866236
24858719
24851202
24843685
24836168
24828651
24821134
24813617
24806100
24798583
24791066
24783549
24776032
24768515
24760998
24753481
24745964
24738447
24730930
24723413
24715896
24708379
24700862
24693345
24685828
24678311
24670794
24663277
24655760
24648243
24640726
24633209
24625692
24618175
24610658
24603141
24595624
24588107
24580590
24573073
24565556
24558039
24550522
24543005
24535488
24527971
24520454
24512937
24505420
24497903
24490386
24482869
24475352
24467835
24460318
24452801
24445284
24437767
24430250
24422733
24415216
24407699
24400182
24392665
24385148
24377631
24370114
24362597
24355080
24347563
24340046
24332529
24325012
24317495
24309978
24302461
24294944
24287427
24279910
24272393
24264876
24257359
24249842
24242325
24234808
24227291
24219774
24212257
24204740
24197223
24189706
24182189
24174672
24167155
24159638
24152121
24144604
24137087
24129570
24122053
24114536
24107019
24099502
24091985
24084468
24076951
24069434
24061917
24054400
24046883
24039366
24031849
24024332
24016815
24009298
24001781
23994264
23986747
23979230
23971713
23964196
23956679
23949162
23941645
23934128
23926611
23919094
23911577
23904060
23896543
23889026
23881509
23873992
23866475
23858958
23851441
23843924
23836407
23828890
23821373
23813856
23806339
23798822
23791305
23783788
23776271
23768754
23761237
23753720
23746203
23738686
23731169
23723652
23716135
23708618
23701101
23693584
23686067
23678550
23671033
23663516
23655999
23648482
23640965
23633448
23625931
23618414
23610897
23603380
23595863
23588346
23580829
23573312
23565795
23558278
23550761
23543244
23535727
23528210
23520693
23513176
23505659
23498142
23490625
23483108
23475591
23468074
23460557
23453040
23445523
23438006
23430489
23422972
23415455
23407938
23400421
23392904
23385387
23377870
23370353
23362836
23355319
23347802
23340285
23332768
23325251
23317734
23310217
23302700
23295183
23287666
23280149
23272632
23265115
23257598
23250081
23242564
23235047
23227530
23220013
23212496
23204979
23197462
23189945
23182428
23174911
23167394
23159877
23152360
23144843
23137326
23129809
23122292
23114775
23107258
23099741
23092224
23084707
23077190
23069673
23062156
23054639
23047122
23039605
23032088
23024571
23017054
23009537
23002020
22994503
22986986
22979469
22971952
22964435
22956918
22949401
22941884
22934367
22926850
22919333
22911816
22904299
22896782
22889265
22881748
22874231
22866714
22859197
22851680
22844163
22836646
22829129
22821612
22814095
22806578
22799061
22791544
22784027
22776510
22768993
22761476
22753959
22746442
22738925
22731408
22723891
22716374
22708857
22701340
22693823
22686306
22678789
22671272
22663755
22656238
22648721
22641204
22633687
22626170
22618653
22611136
22603619
22596102
22588585
22581068
22573551
22566034
22558517
22551000
22543483
22535966
22528449
22520932
22513415
22505898
22498381
22490864
22483347
22475830
22468313
22460796
22453279
22445762
22438245
22430728
22423211
22415694
22408177
22400660
22393143
22385626
22378109
22370592
22363075
22355558
22348041
22340524
22333007
22325490
22317973
22310456
22302939
22295422
22287905
22280388
22272871
22265354
22257837
22250320
22242803
22235286
22227769
22220252
22212735
22205218
22197701
22190184
22182667
22175150
22167633
22160116
22152599
22145082
22137565
22130048
22122531
22115014
22107497
22099980
22092463
22084946
22077429
22069912
22062395
22054878
22047361
22039844
22032327
22024810
22017293
22009776
22002259
21994742
21987225
21979708
21972191
21964674
21957157
21949640
21942123
21934606
21927089
21919572
21912055
21904538
21897021
21889504
21881987
21874470
21866953
21859436
21851919
21844402
21836885
21829368
21821851
21814334
21806817
21799300
21791783
21784266
21776749
21769232
21761715
21754198
21746681
21739164
21731647
21724130
21716613
21709096
21701579
21694062
21686545
21679028
21671511
21663994
21656477
21648960
21641443
21633926
21626409
21618892
21611375
21603858
21596341
21588824
21581307
21573790
21566273
21558756
21551239
21543722
21536205
21528688
21521171
21513654
21506137
21498620
21491103
21483586
21476069
21468552
21461035
21453518
21446001
21438484
21430967
21423450
21415933
21408416
21400899
21393382
21385865
21378348
21370831
21363314
21355797
21348280
21340763
21333246
21325729
21318212
21310695
21303178
21295661
21288144
21280627
21273110
21265593
21258076
21250559
21243042
21235525
21228008
21220491
21212974
21205457
21197940
21190423
21182906
21175389
21167872
21160355
21152838
21145321
21137804
21130287
21122770
21115253
21107736
21100219
21092702
21085185
21077668
21070151
21062634
21055117
21047600
21040083
21032566
21025049
21017532
21010015
21002498
20994981
20987464
20979947
20972430
20964913
20957396
20949879
20942362
20934845
20927328
20919811
20912294
20904777
20897260
20889743
20882226
20874709
20867192
20859675
20852158
20844641
20837124
20829607
20822090
20814573
20807056
20799539
20792022
20784505
20776988
20769471
20761954
20754437
20746920
20739403
20731886
20724369
20716852
20709335
20701818
20694301
20686784
20679267
20671750
20664233
20656716
20649199
20641682
20634165
20626648
20619131
20611614
20604097
20596580
20589063
20581546
20574029
20566512
20558995
20551478
20543961
20536444
20528927
20521410
20513893
20506376
20498859
20491342
20483825
20476308
20468791
20461274
20453757
20446240
20438723
20431206
20423689
20416172
20408655
20401138
20393621
20386104
20378587
20371070
20363553
20356036
20348519
20341002
20333485
20325968
20318451
20310934
20303417
20295900
20288383
20280866
20273349
20265832
20258315
20250798
20243281
20235764
20228247
20220730
20213213
20205696
20198179
20190662
20183145
20175628
20168111
20160594
20153077
20145560
20138043
20130526
20123009
20115492
20107975
20100458
20092941
20085424
20077907
20070390
20062873
20055356
20047839
20040322
20032805
20025288
20017771
20010254
20002737
19995220
19987703
19980186
19972669
19965152
19957635
19950118
19942601
19935084
19927567
19920050
19912533
19905016
19897499
19889982
19882465
19874948
19867431
19859914
19852397
19844880
19837363
19829846
19822329
19814812
19807295
19799778
19792261
19784744
19777227
19769710
19762193
19754676
19747159
19739642
19732125
19724608
19717091
19709574
19702057
19694540
19687023
19679506
19671989
19664472
19656955
19649438
19641921
19634404
19626887
19619370
19611853
19604336
19596819
19589302
19581785
19574268
19566751
19559234
19551717
19544200
19536683
19529166
19521649
19514132
19506615
19499098
19491581
19484064
19476547
19469030
19461513
19453996
19446479
19438962
19431445
19423928
19416411
19408894
19401377
19393860
19386343
19378826
19371309
19363792
19356275
19348758
19341241
19333724
19326207
19318690
19311173
19303656
19296139
19288622
19281105
19273588
19266071
19258554
19251037
19243520
19236003
19228486
19220969
19213452
19205935
19198418
19190901
19183384
19175867
19168350
19160833
19153316
19145799
19138282
19130765
19123248
19115731
19108214
19100697
19093180
19085663
19078146
19070629
19063112
19055595
19048078
19040561
19033044
19025527
19018010
19010493
19002976
18995459
18987942
18980425
18972908
18965391
18957874
18950357
18942840
18935323
18927806
18920289
18912772
18905255
18897738
18890221
18882704
18875187
18867670
18860153
18852636
18845119
18837602
18830085
18822568
18815051
18807534
18800017
18792500
18784983
18777466
18769949
18762432
18754915
18747398
18739881
18732364
18724847
18717330
18709813
18702296
18694779
18687262
18679745
18672228
18664711
18657194
18649677
18642160
18634643
18627126
18619609
18612092
18604575
18597058
18589541
18582024
18574507
18566990
18559473
18551956
18544439
18536922
18529405
18521888
18514371
18506854
18499337
18491820
18484303
18476786
18469269
18461752
18454235
18446718
18439201
18431684
18424167
18416650
18409133
18401616
18394099
18386582
18379065
18371548
18364031
18356514
18348997
18341480
18333963
18326446
18318929
18311412
18303895
18296378
18288861
18281344
18273827
18266310
18258793
18251276
18243759
18236242
18228725
18221208
18213691
18206174
18198657
18191140
18183623
18176106
18168589
18161072
18153555
18146038
18138521
18131004
18123487
18115970
18108453
18100936
18093419
18085902
18078385
18070868
18063351
18055834
18048317
18040800
18033283
18025766
18018249
18010732
18003215
17995698
17988181
17980664
17973147
17965630
17958113
17950596
17943079
17935562
17928045
17920528
17913011
17905494
17897977
17890460
17882943
17875426
17867909
17860392
17852875
17845358
17837841
17830324
17822807
17815290
17807773
17800256
17792739
17785222
17777705
17770188
17762671
17755154
17747637
17740120
17732603
17725086
17717569
17710052
17702535
17695018
17687501
17679984
17672467
17664950
17657433
17649916
17642399
17634882
17627365
17619848
17612331
17604814
17597297
17589780
17582263
17574746
17567229
17559712
17552195
17544678
17537161
17529644
17522127
17514610
17507093
17499576
17492059
17484542
17477025
17469508
17461991
17454474
17446957
17439440
17431923
17424406
17416889
17409372
17401855
17394338
17386821
17379304
17371787
17364270
17356753
17349236
17341719
17334202
17326685
17319168
17311651
17304134
17296617
17289100
17281583
17274066
17266549
17259032
17251515
17243998
17236481
17228964
17221447
17213930
17206413
17198896
17191379
17183862
17176345
17168828
17161311
17153794
17146277
17138760
17131243
17123726
17116209
17108692
17101175
17093658
17086141
17078624
17071107
17063590
17056073
17048556
17041039
17033522
17026005
17018488
17010971
17003454
16995937
16988420
16980903
16973386
16965869
16958352
16950835
16943318
16935801
16928284
16920767
16913250
16905733
16898216
16890699
16883182
16875665
16868148
16860631
16853114
16845597
16838080
16830563
16823046
16815529
16808012
16800495
16792978
16785461
16777944
16770427
16762910
16755393
16747876
16740359
16732842
16725325
16717808
16710291
16702774
16695257
16687740
16680223
16672706
16665189
16657672
16650155
16642638
16635121
16627604
16620087
16612570
16605053
16597536
16590019
16582502
16574985
16567468
16559951
16552434
16544917
16537400
16529883
16522366
16514849
16507332
16499815
16492298
16484781
16477264
16469747
16462230
16454713
16447196
16439679
16432162
16424645
16417128
16409611
16402094
16394577
16387060
16379543
16372026
16364509
16356992
16349475
16341958
16334441
16326924
16319407
16311890
16304373
16296856
16289339
16281822
16274305
16266788
16259271
16251754
16244237
16236720
16229203
16221686
16214169
16206652
16199135
16191618
16184101
16176584
16169067
16161550
16154033
16146516
16138999
16131482
16123965
16116448
16108931
16101414
16093897
16086380
16078863
16071346
16063829
16056312
16048795
16041278
16033761
16026244
16018727
16011210
16003693
15996176
15988659
15981142
15973625
15966108
15958591
15951074
15943557
15936040
15928523
15921006
15913489
15905972
15898455
15890938
15883421
15875904
15868387
15860870
15853353
15845836
15838319
15830802
15823285
15815768
15808251
15800734
15793217
15785700
15778183
15770666
15763149
15755632
15748115
15740598
15733081
15725564
15718047
15710530
15703013
15695496
15687979
15680462
15672945
15665428
15657911
15650394
15642877
15635360
15627843
15620326
15612809
15605292
15597775
15590258
15582741
15575224
15567707
15560190
15552673
15545156
15537639
15530122
15522605
15515088
15507571
15500054
15492537
15485020
15477503
15469986
15462469
15454952
15447435
15439918
15432401
15424884
15417367
15409850
15402333
15394816
15387299
15379782
15372265
15364748
15357231
15349714
15342197
15334680
15327163
15319646
15312129
15304612
15297095
15289578
15282061
15274544
15267027
15259510
15251993
15244476
15236959
15229442
15221925
15214408
15206891
15199374
15191857
15184340
15176823
15169306
15161789
15154272
15146755
15139238
15131721
15124204
15116687
15109170
15101653
15094136
15086619
15079102
15071585
15064068
15056551
15049034
15041517
15034000
15026483
15018966
15011449
15003932
14996415
14988898
14981381
14973864
14966347
14958830
14951313
14943796
14936279
14928762
14921245
14913728
14906211
14898694
14891177
14883660
14876143
14868626
14861109
14853592
14846075
14838558
14831041
14823524
14816007
14808490
14800973
14793456
14785939
14778422
14770905
14763388
14755871
14748354
14740837
14733320
14725803
14718286
14710769
14703252
14695735
14688218
14680701
14673184
14665667
14658150
14650633
14643116
14635599
14628082
14620565
14613048
14605531
14598014
14590497
14582980
14575463
14567946
14560429
14552912
14545395
14537878
14530361
14522844
14515327
14507810
14500293
14492776
14485259
14477742
14470225
14462708
14455191
14447674
14440157
14432640
14425123
14417606
14410089
14402572
14395055
14387538
14380021
14372504
14364987
14357470
14349953
14342436
14334919
14327402
14319885
14312368
14304851
14297334
14289817
14282300
14274783
14267266
14259749
14252232
14244715
14237198
14229681
14222164
14214647
14207130
14199613
14192096
14184579
14177062
14169545
14162028
14154511
14146994
14139477
14131960
14124443
14116926
14109409
14101892
14094375
14086858
14079341
14071824
14064307
14056790
14049273
14041756
14034239
14026722
14019205
14011688
14004171
13996654
13989137
13981620
13974103
13966586
13959069
13951552
13944035
13936518
13929001
13921484
13913967
13906450
13898933
13891416
13883899
13876382
13868865
13861348
13853831
13846314
13838797
13831280
13823763
13816246
13808729
13801212
13793695
13786178
13778661
13771144
13763627
13756110
13748593
13741076
13733559
13726042
13718525
13711008
13703491
13695974
13688457
13680940
13673423
13665906
13658389
13650872
13643355
13635838
13628321
13620804
13613287
13605770
13598253
13590736
13583219
13575702
13568185
13560668
13553151
13545634
13538117
13530600
13523083
13515566
13508049
13500532
13493015
13485498
13477981
13470464
13462947
13455430
13447913
13440396
13432879
13425362
13417845
13410328
13402811
13395294
13387777
13380260
13372743
13365226
13357709
13350192
13342675
13335158
13327641
13320124
13312607
13305090
13297573
13290056
13282539
13275022
13267505
13259988
13252471
13244954
13237437
13229920
13222403
13214886
13207369
13199852
13192335
13184818
13177301
13169784
13162267
13154750
13147233
13139716
13132199
13124682
13117165
13109648
13102131
13094614
13087097
13079580
13072063
13064546
13057029
13049512
13041995
13034478
13026961
13019444
13011927
13004410
12996893
12989376
12981859
12974342
12966825
12959308
12951791
12944274
12936757
12929240
12921723
12914206
12906689
12899172
12891655
12884138
12876621
12869104
12861587
12854070
12846553
12839036
12831519
12824002
12816485
12808968
12801451
12793934
12786417
12778900
12771383
12763866
12756349
12748832
12741315
12733798
12726281
12718764
12711247
12703730
12696213
12688696
12681179
12673662
12666145
12658628
12651111
12643594
12636077
12628560
12621043
12613526
12606009
12598492
12590975
12583458
12575941
12568424
12560907
12553390
12545873
12538356
12530839
12523322
12515805
12508288
12500771
12493254
12485737
12478220
12470703
12463186
12455669
12448152
12440635
12433118
12425601
12418084
12410567
12403050
12395533
12388016
12380499
12372982
12365465
12357948
12350431
12342914
12335397
12327880
12320363
12312846
12305329
12297812
12290295
12282778
12275261
12267744
12260227
12252710
12245193
12237676
12230159
12222642
12215125
12207608
12200091
12192574
12185057
12177540
12170023
12162506
12154989
12147472
12139955
12132438
12124921
12117404
12109887
12102370
12094853
12087336
12079819
12072302
12064785
12057268
12049751
12042234
12034717
12027200
12019683
12012166
12004649
11997132
11989615
11982098
11974581
11967064
11959547
11952030
11944513
11936996
11929479
11921962
11914445
11906928
11899411
11891894
11884377
11876860
11869343
11861826
11854309
11846792
11839275
11831758
11824241
11816724
11809207
11801690
11794173
11786656
11779139
11771622
11764105
11756588
11749071
11741554
11734037
11726520
11719003
11711486
11703969
11696452
11688935
11681418
11673901
11666384
11658867
11651350
11643833
11636316
11628799
11621282
11613765
11606248
11598731
11591214
11583697
11576180
11568663
11561146
11553629
11546112
11538595
11531078
11523561
11516044
11508527
11501010
11493493
11485976
11478459
11470942
11463425
11455908
11448391
11440874
11433357
11425840
11418323
11410806
11403289
11395772
11388255
11380738
11373221
11365704
11358187
11350670
11343153
11335636
11328119
11320602
11313085
11305568
11298051
11290534
11283017
11275500
11267983
11260466
11252949
11245432
11237915
11230398
11222881
11215364
11207847
11200330
11192813
11185296
11177779
11170262
11162745
11155228
11147711
11140194
11132677
11125160
11117643
11110126
11102609
11095092
11087575
11080058
11072541
11065024
11057507
11049990
11042473
11034956
11027439
11019922
11012405
11004888
10997371
10989854
10982337
10974820
10967303
10959786
10952269
10944752
10937235
10929718
10922201
10914684
10907167
10899650
10892133
10884616
10877099
10869582
10862065
10854548
10847031
10839514
10831997
10824480
10816963
10809446
10801929
10794412
10786895
10779378
10771861
10764344
10756827
10749310
10741793
10734276
10726759
10719242
10711725
10704208
10696691
10689174
10681657
10674140
10666623
10659106
10651589
10644072
10636555
10629038
10621521
10614004
10606487
10598970
10591453
10583936
10576419
10568902
10561385
10553868
10546351
10538834
10531317
10523800
10516283
10508766
10501249
10493732
10486215
10478698
10471181
10463664
10456147
10448630
10441113
10433596
10426079
10418562
10411045
10403528
10396011
10388494
10380977
10373460
10365943
10358426
10350909
10343392
10335875
10328358
10320841
10313324
10305807
10298290
10290773
10283256
10275739
10268222
10260705
10253188
10245671
10238154
10230637
10223120
10215603
10208086
10200569
10193052
10185535
10178018
10170501
10162984
10155467
10147950
10140433
10132916
10125399
10117882
10110365
10102848
10095331
10087814
10080297
10072780
10065263
10057746
10050229
10042712
10035195
10027678
10020161
10012644
10005127
9997610
9990093
9982576
9975059
9967542
9960025
9952508
9944991
9937474
9929957
9922440
9914923
9907406
9899889
9892372
9884855
9877338
9869821
9862304
9854787
9847270
9839753
9832236
9824719
9817202
9809685
9802168
9794651
9787134
9779617
9772100
9764583
9757066
9749549
9742032
9734515
9726998
9719481
9711964
9704447
9696930
9689413
9681896
9674379
9666862
9659345
9651828
9644311
9636794
9629277
9621760
9614243
9606726
9599209
9591692
9584175
9576658
9569141
9561624
9554107
9546590
9539073
9531556
9524039
9516522
9509005
9501488
9493971
9486454
9478937
9471420
9463903
9456386
9448869
9441352
9433835
9426318
9418801
9411284
9403767
9396250
9388733
9381216
9373699
9366182
9358665
9351148
9343631
9336114
9328597
9321080
9313563
9306046
9298529
9291012
9283495
9275978
9268461
9260944
9253427
9245910
9238393
9230876
9223359
9215842
9208325
9200808
9193291
9185774
9178257
9170740
9163223
9155706
9148189
9140672
9133155
9125638
9118121
9110604
9103087
9095570
9088053
9080536
9073019
9065502
9057985
9050468
9042951
9035434
9027917
9020400
9012883
9005366
8997849
8990332
8982815
8975298
8967781
8960264
8952747
8945230
8937713
8930196
8922679
8915162
8907645
8900128
8892611
8885094
8877577
8870060
8862543
8855026
8847509
8839992
8832475
8824958
8817441
8809924
8802407
8794890
8787373
8779856
8772339
8764822
8757305
8749788
8742271
8734754
8727237
8719720
8712203
8704686
8697169
8689652
8682135
8674618
8667101
8659584
8652067
8644550
8637033
8629516
8621999
8614482
8606965
8599448
8591931
8584414
8576897
8569380
8561863
8554346
8546829
8539312
8531795
8524278
8516761
8509244
8501727
8494210
8486693
8479176
8471659
8464142
8456625
8449108
8441591
8434074
8426557
8419040
8411523
8404006
8396489
8388972
8381455
8373938
8366421
8358904
8351387
8343870
8336353
8328836
8321319
8313802
8306285
8298768
8291251
8283734
8276217
8268700
8261183
8253666
8246149
8238632
8231115
8223598
8216081
8208564
8201047
8193530
8186013
8178496
8170979
8163462
8155945
8148428
8140911
8133394
8125877
8118360
8110843
8103326
8095809
8088292
8080775
8073258
8065741
8058224
8050707
8043190
8035673
8028156
8020639
8013122
8005605
7998088
7990571
7983054
7975537
7968020
7960503
7952986
7945469
7937952
7930435
7922918
7915401
7907884
7900367
7892850
7885333
7877816
7870299
7862782
7855265
7847748
7840231
7832714
7825197
7817680
7810163
7802646
7795129
7787612
7780095
7772578
7765061
7757544
7750027
7742510
7734993
7727476
7719959
7712442
7704925
7697408
7689891
7682374
7674857
7667340
7659823
7652306
7644789
7637272
7629755
7622238
7614721
7607204
7599687
7592170
7584653
7577136
7569619
7562102
7554585
7547068
7539551
7532034
7524517
7517000
7509483
7501966
7494449
7486932
7479415
7471898
7464381
7456864
7449347
7441830
7434313
7426796
7419279
7411762
7404245
7396728
7389211
7381694
7374177
7366660
7359143
7351626
7344109
7336592
7329075
7321558
7314041
7306524
7299007
7291490
7283973
7276456
7268939
7261422
7253905
7246388
7238871
7231354
7223837
7216320
7208803
7201286
7193769
7186252
7178735
7171218
7163701
7156184
7148667
7141150
7133633
7126116
7118599
7111082
7103565
7096048
7088531
7081014
7073497
7065980
7058463
7050946
7043429
7035912
7028395
7020878
7013361
7005844
6998327
6990810
6983293
6975776
6968259
6960742
6953225
6945708
6938191
6930674
6923157
6915640
6908123
6900606
6893089
6885572
6878055
6870538
6863021
6855504
6847987
6840470
6832953
6825436
6817919
6810402
6802885
6795368
6787851
6780334
6772817
6765300
6757783
6750266
6742749
6735232
6727715
6720198
6712681
6705164
6697647
6690130
6682613
6675096
6667579
6660062
6652545
6645028
6637511
6629994
6622477
6614960
6607443
6599926
6592409
6584892
6577375
6569858
6562341
6554824
6547307
6539790
6532273
6524756
6517239
6509722
6502205
6494688
6487171
6479654
6472137
6464620
6457103
6449586
6442069
6434552
6427035
6419518
6412001
6404484
6396967
6389450
6381933
6374416
6366899
6359382
6351865
6344348
6336831
6329314
6321797
6314280
6306763
6299246
6291729
6284212
6276695
6269178
6261661
6254144
6246627
6239110
6231593
6224076
6216559
6209042
6201525
6194008
6186491
6178974
6171457
6163940
6156423
6148906
6141389
6133872
6126355
6118838
6111321
6103804
6096287
6088770
6081253
6073736
6066219
6058702
6051185
6043668
6036151
6028634
6021117
6013600
6006083
5998566
5991049
5983532
5976015
5968498
5960981
5953464
5945947
5938430
5930913
5923396
5915879
5908362
5900845
5893328
5885811
5878294
5870777
5863260
5855743
5848226
5840709
5833192
5825675
5818158
5810641
5803124
5795607
5788090
5780573
5773056
5765539
5758022
5750505
5742988
5735471
5727954
5720437
5712920
5705403
5697886
5690369
5682852
5675335
5667818
5660301
5652784
5645267
5637750
5630233
5622716
5615199
5607682
5600165
5592648
5585131
5577614
5570097
5562580
5555063
5547546
5540029
5532512
5524995
5517478
5509961
5502444
5494927
5487410
5479893
5472376
5464859
5457342
5449825
5442308
5434791
5427274
5419757
5412240
5404723
5397206
5389689
5382172
5374655
5367138
5359621
5352104
5344587
5337070
5329553
5322036
5314519
5307002
5299485
5291968
5284451
5276934
5269417
5261900
5254383
5246866
5239349
5231832
5224315
5216798
5209281
5201764
5194247
5186730
5179213
5171696
5164179
5156662
5149145
5141628
5134111
5126594
5119077
5111560
5104043
5096526
5089009
5081492
5073975
5066458
5058941
5051424
5043907
5036390
5028873
5021356
5013839
5006322
4998805
4991288
4983771
4976254
4968737
4961220
4953703
4946186
4938669
4931152
4923635
4916118
4908601
4901084
4893567
4886050
4878533
4871016
4863499
4855982
4848465
4840948
4833431
4825914
4818397
4810880
4803363
4795846
4788329
4780812
4773295
4765778
4758261
4750744
4743227
4735710
4728193
4720676
4713159
4705642
4698125
4690608
4683091
4675574
4668057
4660540
4653023
4645506
4637989
4630472
4622955
4615438
4607921
4600404
4592887
4585370
4577853
4570336
4562819
4555302
4547785
4540268
4532751
4525234
4517717
4510200
4502683
4495166
4487649
4480132
4472615
4465098
4457581
4450064
4442547
4435030
4427513
4419996
4412479
4404962
4397445
4389928
4382411
4374894
4367377
4359860
4352343
4344826
4337309
4329792
4322275
4314758
4307241
4299724
4292207
4284690
4277173
4269656
4262139
4254622
4247105
4239588
4232071
4224554
4217037
4209520
4202003
4194486
4186969
4179452
4171935
4164418
4156901
4149384
4141867
4134350
4126833
4119316
4111799
4104282
4096765
4089248
4081731
4074214
4066697
4059180
4051663
4044146
4036629
4029112
4021595
4014078
4006561
3999044
3991527
3984010
3976493
3968976
3961459
3953942
3946425
3938908
3931391
3923874
3916357
3908840
3901323
3893806
3886289
3878772
3871255
3863738
3856221
3848704
3841187
3833670
3826153
3818636
3811119
3803602
3796085
3788568
3781051
3773534
3766017
3758500
3750983
3743466
3735949
3728432
3720915
3713398
3705881
3698364
3690847
3683330
3675813
3668296
3660779
3653262
3645745
3638228
3630711
3623194
3615677
3608160
3600643
3593126
3585609
3578092
3570575
3563058
3555541
3548024
3540507
3532990
3525473
3517956
3510439
3502922
3495405
3487888
3480371
3472854
3465337
3457820
3450303
3442786
3435269
3427752
3420235
3412718
3405201
3397684
3390167
3382650
3375133
3367616
3360099
3352582
3345065
3337548
3330031
3322514
3314997
3307480
3299963
3292446
3284929
3277412
3269895
3262378
3254861
3247344
3239827
3232310
3224793
3217276
3209759
3202242
3194725
3187208
3179691
3172174
3164657
3157140
3149623
3142106
3134589
3127072
3119555
3112038
3104521
3097004
3089487
3081970
3074453
3066936
3059419
3051902
3044385
3036868
3029351
3021834
3014317
3006800
2999283
2991766
2984249
2976732
2969215
2961698
2954181
2946664
2939147
2931630
2924113
2916596
2909079
2901562
2894045
2886528
2879011
2871494
2863977
2856460
2848943
2841426
2833909
2826392
2818875
2811358
2803841
2796324
2788807
2781290
2773773
2766256
2758739
2751222
2743705
2736188
2728671
2721154
2713637
2706120
2698603
2691086
2683569
2676052
2668535
2661018
2653501
2645984
2638467
2630950
2623433
2615916
2608399
2600882
2593365
2585848
2578331
2570814
2563297
2555780
2548263
2540746
2533229
2525712
2518195
2510678
2503161
2495644
2488127
2480610
2473093
2465576
2458059
2450542
2443025
2435508
2427991
2420474
2412957
2405440
2397923
2390406
2382889
2375372
2367855
2360338
2352821
2345304
2337787
2330270
2322753
2315236
2307719
2300202
2292685
2285168
2277651
2270134
2262617
2255100
2247583
2240066
2232549
2225032
2217515
2209998
2202481
2194964
2187447
2179930
2172413
2164896
2157379
2149862
2142345
2134828
2127311
2119794
2112277
2104760
2097243
2089726
2082209
2074692
2067175
2059658
2052141
2044624
2037107
2029590
2022073
2014556
2007039
1999522
1992005
1984488
1976971
1969454
1961937
1954420
1946903
1939386
1931869
1924352
1916835
1909318
1901801
1894284
1886767
1879250
1871733
1864216
1856699
1849182
1841665
1834148
1826631
1819114
1811597
1804080
1796563
1789046
1781529
1774012
1766495
1758978
1751461
1743944
1736427
1728910
1721393
1713876
1706359
1698842
1691325
1683808
1676291
1668774
1661257
1653740
1646223
1638706
1631189
1623672
1616155
1608638
1601121
1593604
1586087
1578570
1571053
1563536
1556019
1548502
1540985
1533468
1525951
1518434
1510917
1503400
1495883
1488366
1480849
1473332
1465815
1458298
1450781
1443264
1435747
1428230
1420713
1413196
1405679
1398162
1390645
1383128
1375611
1368094
1360577
1353060
1345543
1338026
1330509
1322992
1315475
1307958
1300441
1292924
1285407
1277890
1270373
1262856
1255339
1247822
1240305
1232788
1225271
1217754
1210237
1202720
1195203
1187686
1180169
1172652
1165135
1157618
1150101
1142584
1135067
1127550
1120033
1112516
1104999
1097482
1089965
1082448
1074931
1067414
1059897
1052380
1044863
1037346
1029829
1022312
1014795
1007278
999761
992244
984727
977210
969693
962176
954659
947142
939625
932108
924591
917074
909557
902040
894523
887006
879489
871972
864455
856938
849421
841904
834387
826870
819353
811836
804319
796802
789285
781768
774251
766734
759217
751700
744183
736666
729149
721632
714115
706598
699081
691564
684047
676530
669013
661496
653979
646462
638945
631428
623911
616394
608877
601360
593843
586326
578809
571292
563775
556258
548741
541224
533707
526190
518673
511156
503639
496122
488605
481088
473571
466054
458537
451020
443503
435986
428469
420952
413435
405918
398401
390884
383367
375850
368333
360816
353299
345782
338265
330748
323231
315714
308197
300680
293163
285646
278129
270612
263095
255578
248061
240544
233027
225510
217993
210476
202959
195442
187925
180408
172891
165374
157857
150340
142823
135306
127789
120272
112755
105238
97721
90204
82687
75170
67653
60136
52619
45102
37585
30068
22551
15034
7517
115102378
115087205
115072032
115056859
115041686
115026513
115011340
114996167
114980994
114965821
114950648
114935475
114920302
114905129
114889956
114874783
114859610
114844437
114829264
114814091
114798918
114783745
114768572
114753399
114738226
114723053
114707880
114692707
114677534
114662361
114647188
114632015
114616842
114601669
114586496
114571323
114556150
114540977
114525804
114510631
114495458
114480285
114465112
114449939
114434766
114419593
114404420
114389247
114374074
114358901
114343728
114328555
114313382
114298209
114283036
114267863
114252690
114237517
114222344
114207171
114191998
114176825
114161652
114146479
114131306
114116133
114100960
114085787
114070614
114055441
114040268
114025095
114009922
113994749
113979576
113964403
113949230
113934057
113918884
113903711
113888538
113873365
113858192
113843019
113827846
113812673
113797500
113782327
113767154
113751981
113736808
113721635
113706462
113691289
113676116
113660943
113645770
113630597
113615424
113600251
113585078
113569905
113554732
113539559
113524386
113509213
113494040
113478867
113463694
113448521
113433348
113418175
113403002
113387829
113372656
113357483
113342310
113327137
113311964
113296791
113281618
113266445
113251272
113236099
113220926
113205753
113190580
113175407
113160234
113145061
113129888
113114715
113099542
113084369
113069196
113054023
113038850
113023677
113008504
112993331
112978158
112962985
112947812
112932639
112917466
112902293
112887120
112871947
112856774
112841601
112826428
112811255
112796082
112780909
112765736
112750563
112735390
112720217
112705044
112689871
112674698
112659525
112644352
112629179
112614006
112598833
112583660
112568487
112553314
112538141
112522968
112507795
112492622
112477449
112462276
112447103
112431930
112416757
112401584
112386411
112371238
112356065
112340892
112325719
112310546
112295373
112280200
112265027
112249854
112234681
112219508
112204335
112189162
112173989
112158816
112143643
112128470
112113297
112098124
112082951
112067778
112052605
112037432
112022259
112007086
111991913
111976740
111961567
111946394
111931221
111916048
111900875
111885702
111870529
111855356
111840183
111825010
111809837
111794664
111779491
111764318
111749145
111733972
111718799
111703626
111688453
111673280
111658107
111642934
111627761
111612588
111597415
111582242
111567069
111551896
111536723
111521550
111506377
111491204
111476031
111460858
111445685
111430512
111415339
111400166
111384993
111369820
111354647
111339474
111324301
111309128
111293955
111278782
111263609
111248436
111233263
111218090
111202917
111187744
111172571
111157398
111142225
111127052
111111879
111096706
111081533
111066360
111051187
111036014
111020841
111005668
110990495
110975322
110960149
110944976
110929803
110914630
110899457
110884284
110869111
110853938
110838765
110823592
110808419
110793246
110778073
110762900
110747727
110732554
110717381
110702208
110687035
110671862
110656689
110641516
110626343
110611170
110595997
110580824
110565651
110550478
110535305
110520132
110504959
110489786
110474613
110459440
110444267
110429094
110413921
110398748
110383575
110368402
110353229
110338056
110322883
110307710
110292537
110277364
110262191
110247018
110231845
110216672
110201499
110186326
110171153
110155980
110140807
110125634
110110461
110095288
110080115
110064942
110049769
110034596
110019423
110004250
109989077
109973904
109958731
109943558
109928385
109913212
109898039
109882866
109867693
109852520
109837347
109822174
109807001
109791828
109776655
109761482
109746309
109731136
109715963
109700790
109685617
109670444
109655271
109640098
109624925
109609752
109594579
109579406
109564233
109549060
109533887
109518714
109503541
109488368
109473195
109458022
109442849
109427676
109412503
109397330
109382157
109366984
109351811
109336638
109321465
109306292
109291119
109275946
109260773
109245600
109230427
109215254
109200081
109184908
109169735
109154562
109139389
109124216
109109043
109093870
109078697
109063524
109048351
109033178
109018005
109002832
108987659
108972486
108957313
108942140
108926967
108911794
108896621
108881448
108866275
108851102
108835929
108820756
108805583
108790410
108775237
108760064
108744891
108729718
108714545
108699372
108684199
108669026
108653853
108638680
108623507
108608334
108593161
108577988
108562815
108547642
108532469
108517296
108502123
108486950
108471777
108456604
108441431
108426258
108411085
108395912
108380739
108365566
108350393
108335220
108320047
108304874
108289701
108274528
108259355
108244182
108229009
108213836
108198663
108183490
108168317
108153144
108137971
108122798
108107625
108092452
108077279
108062106
108046933
108031760
108016587
108001414
107986241
107971068
107955895
107940722
107925549
107910376
107895203
107880030
107864857
107849684
107834511
107819338
107804165
107788992
107773819
107758646
107743473
107728300
107713127
107697954
107682781
107667608
107652435
107637262
107622089
107606916
107591743
107576570
107561397
107546224
107531051
107515878
107500705
107485532
107470359
107455186
107440013
107424840
107409667
107394494
107379321
107364148
107348975
107333802
107318629
107303456
107288283
107273110
107257937
107242764
107227591
107212418
107197245
107182072
107166899
107151726
107136553
107121380
107106207
107091034
107075861
107060688
107045515
107030342
107015169
106999996
106984823
106969650
106954477
106939304
106924131
106908958
106893785
106878612
106863439
106848266
106833093
106817920
106802747
106787574
106772401
106757228
106742055
106726882
106711709
106696536
106681363
106666190
106651017
106635844
106620671
106605498
106590325
106575152
106559979
106544806
106529633
106514460
106499287
106484114
106468941
106453768
106438595
106423422
106408249
106393076
106377903
106362730
106347557
106332384
106317211
106302038
106286865
106271692
106256519
106241346
106226173
106211000
106195827
106180654
106165481
106150308
106135135
106119962
106104789
106089616
106074443
106059270
106044097
106028924
106013751
105998578
105983405
105968232
105953059
105937886
105922713
105907540
105892367
105877194
105862021
105846848
105831675
105816502
105801329
105786156
105770983
105755810
105740637
105725464
105710291
105695118
105679945
105664772
105649599
105634426
105619253
105604080
105588907
105573734
105558561
105543388
105528215
105513042
105497869
105482696
105467523
105452350
105437177
105422004
105406831
105391658
105376485
105361312
105346139
105330966
105315793
105300620
105285447
105270274
105255101
105239928
105224755
105209582
105194409
105179236
105164063
105148890
105133717
105118544
105103371
105088198
105073025
105057852
105042679
105027506
105012333
104997160
104981987
104966814
104951641
104936468
104921295
104906122
104890949
104875776
104860603
104845430
104830257
104815084
104799911
104784738
104769565
104754392
104739219
104724046
104708873
104693700
104678527
104663354
104648181
104633008
104617835
104602662
104587489
104572316
104557143
104541970
104526797
104511624
104496451
104481278
104466105
104450932
104435759
104420586
104405413
104390240
104375067
104359894
104344721
104329548
104314375
104299202
104284029
104268856
104253683
104238510
104223337
104208164
104192991
104177818
104162645
104147472
104132299
104117126
104101953
104086780
104071607
104056434
104041261
104026088
104010915
103995742
103980569
103965396
103950223
103935050
103919877
103904704
103889531
103874358
103859185
103844012
103828839
103813666
103798493
103783320
103768147
103752974
103737801
103722628
103707455
103692282
103677109
103661936
103646763
103631590
103616417
103601244
103586071
103570898
103555725
103540552
103525379
103510206
103495033
103479860
103464687
103449514
103434341
103419168
103403995
103388822
103373649
103358476
103343303
103328130
103312957
103297784
103282611
103267438
103252265
103237092
103221919
103206746
103191573
103176400
103161227
103146054
103130881
103115708
103100535
103085362
103070189
103055016
103039843
103024670
103009497
102994324
102979151
102963978
102948805
102933632
102918459
102903286
102888113
102872940
102857767
102842594
102827421
102812248
102797075
102781902
102766729
102751556
102736383
102721210
102706037
102690864
102675691
102660518
102645345
102630172
102614999
102599826
102584653
102569480
102554307
102539134
102523961
102508788
102493615
102478442
102463269
102448096
102432923
102417750
102402577
102387404
102372231
102357058
102341885
102326712
102311539
102296366
102281193
102266020
102250847
102235674
102220501
102205328
102190155
102174982
102159809
102144636
102129463
102114290
102099117
102083944
102068771
102053598
102038425
102023252
102008079
101992906
101977733
101962560
101947387
101932214
101917041
101901868
101886695
101871522
101856349
101841176
101826003
101810830
101795657
101780484
101765311
101750138
101734965
101719792
101704619
101689446
101674273
101659100
101643927
101628754
101613581
101598408
101583235
101568062
101552889
101537716
101522543
101507370
101492197
101477024
101461851
101446678
101431505
101416332
101401159
101385986
101370813
101355640
101340467
101325294
101310121
101294948
101279775
101264602
101249429
101234256
101219083
101203910
101188737
101173564
101158391
101143218
101128045
101112872
101097699
101082526
101067353
101052180
101037007
101021834
101006661
100991488
100976315
100961142
100945969
100930796
100915623
100900450
100885277
100870104
100854931
100839758
100824585
100809412
100794239
100779066
100763893
100748720
100733547
100718374
100703201
100688028
100672855
100657682
100642509
100627336
100612163
100596990
100581817
100566644
100551471
100536298
100521125
100505952
100490779
100475606
100460433
100445260
100430087
100414914
100399741
100384568
100369395
100354222
100339049
100323876
100308703
100293530
100278357
100263184
100248011
100232838
100217665
100202492
100187319
100172146
100156973
100141800
100126627
100111454
100096281
100081108
100065935
100050762
100035589
100020416
100005243
99990070
99974897
99959724
99944551
99929378
99914205
99899032
99883859
99868686
99853513
99838340
99823167
99807994
99792821
99777648
99762475
99747302
99732129
99716956
99701783
99686610
99671437
99656264
99641091
99625918
99610745
99595572
99580399
99565226
99550053
99534880
99519707
99504534
99489361
99474188
99459015
99443842
99428669
99413496
99398323
99383150
99367977
99352804
99337631
99322458
99307285
99292112
99276939
99261766
99246593
99231420
99216247
99201074
99185901
99170728
99155555
99140382
99125209
99110036
99094863
99079690
99064517
99049344
99034171
99018998
99003825
98988652
98973479
98958306
98943133
98927960
98912787
98897614
98882441
98867268
98852095
98836922
98821749
98806576
98791403
98776230
98761057
98745884
98730711
98715538
98700365
98685192
98670019
98654846
98639673
98624500
98609327
98594154
98578981
98563808
98548635
98533462
98518289
98503116
98487943
98472770
98457597
98442424
98427251
98412078
98396905
98381732
98366559
98351386
98336213
98321040
98305867
98290694
98275521
98260348
98245175
98230002
98214829
98199656
98184483
98169310
98154137
98138964
98123791
98108618
98093445
98078272
98063099
98047926
98032753
98017580
98002407
97987234
97972061
97956888
97941715
97926542
97911369
97896196
97881023
97865850
97850677
97835504
97820331
97805158
97789985
97774812
97759639
97744466
97729293
97714120
97698947
97683774
97668601
97653428
97638255
97623082
97607909
97592736
97577563
97562390
97547217
97532044
97516871
97501698
97486525
97471352
97456179
97441006
97425833
97410660
97395487
97380314
97365141
97349968
97334795
97319622
97304449
97289276
97274103
97258930
97243757
97228584
97213411
97198238
97183065
97167892
97152719
97137546
97122373
97107200
97092027
97076854
97061681
97046508
97031335
97016162
97000989
96985816
96970643
96955470
96940297
96925124
96909951
96894778
96879605
96864432
96849259
96834086
96818913
96803740
96788567
96773394
96758221
96743048
96727875
96712702
96697529
96682356
96667183
96652010
96636837
96621664
96606491
96591318
96576145
96560972
96545799
96530626
96515453
96500280
96485107
96469934
96454761
96439588
96424415
96409242
96394069
96378896
96363723
96348550
96333377
96318204
96303031
96287858
96272685
96257512
96242339
96227166
96211993
96196820
96181647
96166474
96151301
96136128
96120955
96105782
96090609
96075436
96060263
96045090
96029917
96014744
95999571
95984398
95969225
95954052
95938879
95923706
95908533
95893360
95878187
95863014
95847841
95832668
95817495
95802322
95787149
95771976
95756803
95741630
95726457
95711284
95696111
95680938
95665765
95650592
95635419
95620246
95605073
95589900
95574727
95559554
95544381
95529208
95514035
95498862
95483689
95468516
95453343
95438170
95422997
95407824
95392651
95377478
95362305
95347132
95331959
95316786
95301613
95286440
95271267
95256094
95240921
95225748
95210575
95195402
95180229
95165056
95149883
95134710
95119537
95104364
95089191
95074018
95058845
95043672
95028499
95013326
94998153
94982980
94967807
94952634
94937461
94922288
94907115
94891942
94876769
94861596
94846423
94831250
94816077
94800904
94785731
94770558
94755385
94740212
94725039
94709866
94694693
94679520
94664347
94649174
94634001
94618828
94603655
94588482
94573309
94558136
94542963
94527790
94512617
94497444
94482271
94467098
94451925
94436752
94421579
94406406
94391233
94376060
94360887
94345714
94330541
94315368
94300195
94285022
94269849
94254676
94239503
94224330
94209157
94193984
94178811
94163638
94148465
94133292
94118119
94102946
94087773
94072600
94057427
94042254
94027081
94011908
93996735
93981562
93966389
93951216
93936043
93920870
93905697
93890524
93875351
93860178
93845005
93829832
93814659
93799486
93784313
93769140
93753967
93738794
93723621
93708448
93693275
93678102
93662929
93647756
93632583
93617410
93602237
93587064
93571891
93556718
93541545
93526372
93511199
93496026
93480853
93465680
93450507
93435334
93420161
93404988
93389815
93374642
93359469
93344296
93329123
93313950
93298777
93283604
93268431
93253258
93238085
93222912
93207739
93192566
93177393
93162220
93147047
93131874
93116701
93101528
93086355
93071182
93056009
93040836
93025663
93010490
92995317
92980144
92964971
92949798
92934625
92919452
92904279
92889106
92873933
92858760
92843587
92828414
92813241
92798068
92782895
92767722
92752549
92737376
92722203
92707030
92691857
92676684
92661511
92646338
92631165
92615992
92600819
92585646
92570473
92555300
92540127
92524954
92509781
92494608
92479435
92464262
92449089
92433916
92418743
92403570
92388397
92373224
92358051
92342878
92327705
92312532
92297359
92282186
92267013
92251840
92236667
92221494
92206321
92191148
92175975
92160802
92145629
92130456
92115283
92100110
92084937
92069764
92054591
92039418
92024245
92009072
91993899
91978726
91963553
91948380
91933207
91918034
91902861
91887688
91872515
91857342
91842169
91826996
91811823
91796650
91781477
91766304
91751131
91735958
91720785
91705612
91690439
91675266
91660093
91644920
91629747
91614574
91599401
91584228
91569055
91553882
91538709
91523536
91508363
91493190
91478017
91462844
91447671
91432498
91417325
91402152
91386979
91371806
91356633
91341460
91326287
91311114
91295941
91280768
91265595
91250422
91235249
91220076
91204903
91189730
91174557
91159384
91144211
91129038
91113865
91098692
91083519
91068346
91053173
91038000
91022827
91007654
90992481
90977308
90962135
90946962
90931789
90916616
90901443
90886270
90871097
90855924
90840751
90825578
90810405
90795232
90780059
90764886
90749713
90734540
90719367
90704194
90689021
90673848
90658675
90643502
90628329
90613156
90597983
90582810
90567637
90552464
90537291
90522118
90506945
90491772
90476599
90461426
90446253
90431080
90415907
90400734
90385561
90370388
90355215
90340042
90324869
90309696
90294523
90279350
90264177
90249004
90233831
90218658
90203485
90188312
90173139
90157966
90142793
90127620
90112447
90097274
90082101
90066928
90051755
90036582
90021409
90006236
89991063
89975890
89960717
89945544
89930371
89915198
89900025
89884852
89869679
89854506
89839333
89824160
89808987
89793814
89778641
89763468
89748295
89733122
89717949
89702776
89687603
89672430
89657257
89642084
89626911
89611738
89596565
89581392
89566219
89551046
89535873
89520700
89505527
89490354
89475181
89460008
89444835
89429662
89414489
89399316
89384143
89368970
89353797
89338624
89323451
89308278
89293105
89277932
89262759
89247586
89232413
89217240
89202067
89186894
89171721
89156548
89141375
89126202
89111029
89095856
89080683
89065510
89050337
89035164
89019991
89004818
88989645
88974472
88959299
88944126
88928953
88913780
88898607
88883434
88868261
88853088
88837915
88822742
88807569
88792396
88777223
88762050
88746877
88731704
88716531
88701358
88686185
88671012
88655839
88640666
88625493
88610320
88595147
88579974
88564801
88549628
88534455
88519282
88504109
88488936
88473763
88458590
88443417
88428244
88413071
88397898
88382725
88367552
88352379
88337206
88322033
88306860
88291687
88276514
88261341
88246168
88230995
88215822
88200649
88185476
88170303
88155130
88139957
88124784
88109611
88094438
88079265
88064092
88048919
88033746
88018573
88003400
87988227
87973054
87957881
87942708
87927535
87912362
87897189
87882016
87866843
87851670
87836497
87821324
87806151
87790978
87775805
87760632
87745459
87730286
87715113
87699940
87684767
87669594
87654421
87639248
87624075
87608902
87593729
87578556
87563383
87548210
87533037
87517864
87502691
87487518
87472345
87457172
87441999
87426826
87411653
87396480
87381307
87366134
87350961
87335788
87320615
87305442
87290269
87275096
87259923
87244750
87229577
87214404
87199231
87184058
87168885
87153712
87138539
87123366
87108193
87093020
87077847
87062674
87047501
87032328
87017155
87001982
86986809
86971636
86956463
86941290
86926117
86910944
86895771
86880598
86865425
86850252
86835079
86819906
86804733
86789560
86774387
86759214
86744041
86728868
86713695
86698522
86683349
86668176
86653003
86637830
86622657
86607484
86592311
86577138
86561965
86546792
86531619
86516446
86501273
86486100
86470927
86455754
86440581
86425408
86410235
86395062
86379889
86364716
86349543
86334370
86319197
86304024
86288851
86273678
86258505
86243332
86228159
86212986
86197813
86182640
86167467
86152294
86137121
86121948
86106775
86091602
86076429
86061256
86046083
86030910
86015737
86000564
85985391
85970218
85955045
85939872
85924699
85909526
85894353
85879180
85864007
85848834
85833661
85818488
85803315
85788142
85772969
85757796
85742623
85727450
85712277
85697104
85681931
85666758
85651585
85636412
85621239
85606066
85590893
85575720
85560547
85545374
85530201
85515028
85499855
85484682
85469509
85454336
85439163
85423990
85408817
85393644
85378471
85363298
85348125
85332952
85317779
85302606
85287433
85272260
85257087
85241914
85226741
85211568
85196395
85181222
85166049
85150876
85135703
85120530
85105357
85090184
85075011
85059838
85044665
85029492
85014319
84999146
84983973
84968800
84953627
84938454
84923281
84908108
84892935
84877762
84862589
84847416
84832243
84817070
84801897
84786724
84771551
84756378
84741205
84726032
84710859
84695686
84680513
84665340
84650167
84634994
84619821
84604648
84589475
84574302
84559129
84543956
84528783
84513610
84498437
84483264
84468091
84452918
84437745
84422572
84407399
84392226
84377053
84361880
84346707
84331534
84316361
84301188
84286015
84270842
84255669
84240496
84225323
84210150
84194977
84179804
84164631
84149458
84134285
84119112
84103939
84088766
84073593
84058420
84043247
84028074
84012901
83997728
83982555
83967382
83952209
83937036
83921863
83906690
83891517
83876344
83861171
83845998
83830825
83815652
83800479
83785306
83770133
83754960
83739787
83724614
83709441
83694268
83679095
83663922
83648749
83633576
83618403
83603230
83588057
83572884
83557711
83542538
83527365
83512192
83497019
83481846
83466673
83451500
83436327
83421154
83405981
83390808
83375635
83360462
83345289
83330116
83314943
83299770
83284597
83269424
83254251
83239078
83223905
83208732
83193559
83178386
83163213
83148040
83132867
83117694
83102521
83087348
83072175
83057002
83041829
83026656
83011483
82996310
82981137
82965964
82950791
82935618
82920445
82905272
82890099
82874926
82859753
82844580
82829407
82814234
82799061
82783888
82768715
82753542
82738369
82723196
82708023
82692850
82677677
82662504
82647331
82632158
82616985
82601812
82586639
82571466
82556293
82541120
82525947
82510774
82495601
82480428
82465255
82450082
82434909
82419736
82404563
82389390
82374217
82359044
82343871
82328698
82313525
82298352
82283179
82268006
82252833
82237660
82222487
82207314
82192141
82176968
82161795
82146622
82131449
82116276
82101103
82085930
82070757
82055584
82040411
82025238
82010065
81994892
81979719
81964546
81949373
81934200
81919027
81903854
81888681
81873508
81858335
81843162
81827989
81812816
81797643
81782470
81767297
81752124
81736951
81721778
81706605
81691432
81676259
81661086
81645913
81630740
81615567
81600394
81585221
81570048
81554875
81539702
81524529
81509356
81494183
81479010
81463837
81448664
81433491
81418318
81403145
81387972
81372799
81357626
81342453
81327280
81312107
81296934
81281761
81266588
81251415
81236242
81221069
81205896
81190723
81175550
81160377
81145204
81130031
81114858
81099685
81084512
81069339
81054166
81038993
81023820
81008647
80993474
80978301
80963128
80947955
80932782
80917609
80902436
80887263
80872090
80856917
80841744
80826571
80811398
80796225
80781052
80765879
80750706
80735533
80720360
80705187
80690014
80674841
80659668
80644495
80629322
80614149
80598976
80583803
80568630
80553457
80538284
80523111
80507938
80492765
80477592
80462419
80447246
80432073
80416900
80401727
80386554
80371381
80356208
80341035
80325862
80310689
80295516
80280343
80265170
80249997
80234824
80219651
80204478
80189305
80174132
80158959
80143786
80128613
80113440
80098267
80083094
80067921
80052748
80037575
80022402
80007229
79992056
79976883
79961710
79946537
79931364
79916191
79901018
79885845
79870672
79855499
79840326
79825153
79809980
79794807
79779634
79764461
79749288
79734115
79718942
79703769
79688596
79673423
79658250
79643077
79627904
79612731
79597558
79582385
79567212
79552039
79536866
79521693
79506520
79491347
79476174
79461001
79445828
79430655
79415482
79400309
79385136
79369963
79354790
79339617
79324444
79309271
79294098
79278925
79263752
79248579
79233406
79218233
79203060
79187887
79172714
79157541
79142368
79127195
79112022
79096849
79081676
79066503
79051330
79036157
79020984
79005811
78990638
78975465
78960292
78945119
78929946
78914773
78899600
78884427
78869254
78854081
78838908
78823735
78808562
78793389
78778216
78763043
78747870
78732697
78717524
78702351
78687178
78672005
78656832
78641659
78626486
78611313
78596140
78580967
78565794
78550621
78535448
78520275
78505102
78489929
78474756
78459583
78444410
78429237
78414064
78398891
78383718
78368545
78353372
78338199
78323026
78307853
78292680
78277507
78262334
78247161
78231988
78216815
78201642
78186469
78171296
78156123
78140950
78125777
78110604
78095431
78080258
78065085
78049912
78034739
78019566
78004393
77989220
77974047
77958874
77943701
77928528
77913355
77898182
77883009
77867836
77852663
77837490
77822317
77807144
77791971
77776798
77761625
77746452
77731279
77716106
77700933
77685760
77670587
77655414
77640241
77625068
77609895
77594722
77579549
77564376
77549203
77534030
77518857
77503684
77488511
77473338
77458165
77442992
77427819
77412646
77397473
77382300
77367127
77351954
77336781
77321608
77306435
77291262
77276089
77260916
77245743
77230570
77215397
77200224
77185051
77169878
77154705
77139532
77124359
77109186
77094013
77078840
77063667
77048494
77033321
77018148
77002975
76987802
76972629
76957456
76942283
76927110
76911937
76896764
76881591
76866418
76851245
76836072
76820899
76805726
76790553
76775380
76760207
76745034
76729861
76714688
76699515
76684342
76669169
76653996
76638823
76623650
76608477
76593304
76578131
76562958
76547785
76532612
76517439
76502266
76487093
76471920
76456747
76441574
76426401
76411228
76396055
76380882
76365709
76350536
76335363
76320190
76305017
76289844
76274671
76259498
76244325
76229152
76213979
76198806
76183633
76168460
76153287
76138114
76122941
76107768
76092595
76077422
76062249
76047076
76031903
76016730
76001557
75986384
75971211
75956038
75940865
75925692
75910519
75895346
75880173
75865000
75849827
75834654
75819481
75804308
75789135
75773962
75758789
75743616
75728443
75713270
75698097
75682924
75667751
75652578
75637405
75622232
75607059
75591886
75576713
75561540
75546367
75531194
75516021
75500848
75485675
75470502
75455329
75440156
75424983
75409810
75394637
75379464
75364291
75349118
75333945
75318772
75303599
75288426
75273253
75258080
75242907
75227734
75212561
75197388
75182215
75167042
75151869
75136696
75121523
75106350
75091177
75076004
75060831
75045658
75030485
75015312
75000139
74984966
74969793
74954620
74939447
74924274
74909101
74893928
74878755
74863582
74848409
74833236
74818063
74802890
74787717
74772544
74757371
74742198
74727025
74711852
74696679
74681506
74666333
74651160
74635987
74620814
74605641
74590468
74575295
74560122
74544949
74529776
74514603
74499430
74484257
74469084
74453911
74438738
74423565
74408392
74393219
74378046
74362873
74347700
74332527
74317354
74302181
74287008
74271835
74256662
74241489
74226316
74211143
74195970
74180797
74165624
74150451
74135278
